# Q(Ang^-1)  I_true
1.000000000000000048e-04 9.994751199391702645e-01
1.060025848806882395e-04 9.994102326627993804e-01
1.123654800138750422e-04 9.993373261376828909e-01
1.191103133283006726e-04 9.992554098945948260e-01
1.262600109874856345e-04 9.991633712881118345e-01
1.338388753173756307e-04 9.990599604699342828e-01
1.418726674116596294e-04 9.989437735225757953e-01
1.503886946955410259e-04 9.988132335339101608e-01
1.594159037455999668e-04 9.986665693647920339e-01
1.689849786812456980e-04 9.985017918323468855e-01
1.791284454622004080e-04 9.983166670018817079e-01
1.898807824465263173e-04 9.981086862416326255e-01
2.012785375849938474e-04 9.978750326591812048e-01
2.133604526501410874e-04 9.976125434928894142e-01
2.261675949222864473e-04 9.973176679863239302e-01
2.397434967801076087e-04 9.969864202222081806e-01
2.541343036702636751e-04 9.966143263363163030e-01
2.693889309590172493e-04 9.961963654714262040e-01
2.855592301990106320e-04 9.957269037678537771e-01
3.027001653763461745e-04 9.951996206169931858e-01
3.208699997370450412e-04 9.946074263328011922e-01
3.401304938279252864e-04 9.939423703177774350e-01
3.605471154250502303e-04 9.931955387263915469e-01
3.821892620633118702e-04 9.923569405460310744e-01
4.051304969235381987e-04 9.914153809429118169e-01
4.294487988789272293e-04 9.903583206473181022e-01
4.552268275507309939e-04 9.891717200912816255e-01
4.825522042741279107e-04 9.878398669651703434e-01
5.115178099293145493e-04 9.863451858353171620e-01
5.422221006501586451e-04 9.846680284729648625e-01
5.747694424835352034e-04 9.827864435966771062e-01
6.092704661368674671e-04 9.806759248448492228e-01
6.458424430196978453e-04 9.783091359877503779e-01
6.846096838574657496e-04 9.756556126907351967e-01
7.257039612324216356e-04 9.726814405777270967e-01
7.692649574879137971e-04 9.693489099630331340e-01
8.154407395185161523e-04 9.656161484629119940e-01
8.643882620598270774e-04 9.614367338304484756e-01
9.162739011886731656e-04 9.567592908482269731e-01
9.712740198471167324e-04 9.515270780505070691e-01
1.029575567312512744e-03 9.456775725333971261e-01
1.091376714651273727e-03 9.391420642665971874e-01
1.156887528316282105e-03 9.318452752810054696e-01
1.226330684177563213e-03 9.237050240252914213e-01
1.299942224413244826e-03 9.146319612250057851e-01
1.377972359833556709e-03 9.045294109083038547e-01
1.460686320364988763e-03 8.932933590411838987e-01
1.548365256585499056e-03 8.808126425690343542e-01
1.641307195375129972e-03 8.669694036535483539e-01
1.739828052930363989e-03 8.516398874744505187e-01
1.844262708585534807e-03 8.346956769021742772e-01
1.954966143091259583e-03 8.160054731318000520e-01
2.072314645219029694e-03 7.954375470856515085e-01
2.196707090793235343e-03 7.728630005567580508e-01
2.328566298498196442e-03 7.481599864134966804e-01
2.468340467068648372e-03 7.212190404277485367e-01
2.616504698748820922e-03 6.919496688366136850e-01
2.773562614198411998e-03 6.602883094445859413e-01
2.940048064334707494e-03 6.262077319873774472e-01
3.116526944929430380e-03 5.897278558612175647e-01
3.303599120128339513e-03 5.509278288921758415e-01
3.501900461431712783e-03 5.099590176249262363e-01
3.712105009066360775e-03 4.670582967877314196e-01
3.934927263095849316e-03 4.225606864758362780e-01
4.171124612056516592e-03 3.769099726476518031e-01
4.421499907374486921e-03 3.306654785013423137e-01
4.686904192314192766e-03 2.845026758004192691e-01
4.968239594734387768e-03 2.392049180855088941e-01
5.266462393484280281e-03 1.956433723279538128e-01
5.582586268862694753e-03 1.547424080013876657e-01
5.917685748188818845e-03 1.174285101479170118e-01
6.272899858196243419e-03 8.456247756764019574e-02
6.649435996665045180e-03 5.685747105175711219e-02
7.048574036451903287e-03 3.478945738124070847e-02
7.471670675868082555e-03 1.851149398641963734e-02
7.920164050192548405e-03 7.788321161675229587e-03
8.395578619995111569e-03 1.971356700031934826e-03
8.899530352885223761e-03 3.415974841107390070e-05
9.433732216299773460e-03 6.820859179702457422e-04
1.000000000000000021e-02 2.535088751421927730e-03
