# Q(Ang^-1)  I_apparent
1.000000000000000048e-04 1.198434184421089885e+05
1.060025848806882395e-04 1.166389860695974639e+05
1.123654800138750422e-04 1.209033068565939466e+05
1.191103133283006726e-04 1.213549239109690971e+05
1.262600109874856345e-04 1.144648770432212914e+05
1.338388753173756307e-04 1.160089170781165885e+05
1.418726674116596294e-04 1.194134995702862361e+05
1.503886946955410259e-04 1.183532659494659019e+05
1.594159037455999668e-04 1.190638385090466472e+05
1.689849786812456980e-04 1.170687354188637401e+05
1.791284454622004080e-04 1.211917278701948380e+05
1.898807824465263173e-04 1.209454523015820887e+05
2.012785375849938474e-04 1.192453223281379032e+05
2.133604526501410874e-04 1.217672370275524154e+05
2.261675949222864473e-04 1.201896231478578848e+05
2.397434967801076087e-04 1.170227348741692695e+05
2.541343036702636751e-04 1.199388989169701526e+05
2.693889309590172493e-04 1.167683376368584868e+05
2.855592301990106320e-04 1.211322440306702483e+05
3.027001653763461745e-04 1.189098555916484038e+05
3.208699997370450412e-04 1.185749294966787857e+05
3.401304938279252864e-04 1.173787506150099071e+05
3.605471154250502303e-04 1.218908640585061075e+05
3.821892620633118702e-04 1.185939618531149463e+05
4.051304969235381987e-04 1.179200396482102951e+05
4.294487988789272293e-04 1.180758053477602225e+05
4.552268275507309939e-04 1.201499220071241871e+05
4.825522042741279107e-04 1.197201488256024750e+05
5.115178099293145493e-04 1.197952342461093067e+05
5.422221006501586451e-04 1.197960836964537157e+05
5.747694424835352034e-04 1.238109351990138675e+05
6.092704661368674671e-04 1.177078398391494993e+05
6.458424430196978453e-04 1.173974122341615875e+05
6.846096838574657496e-04 1.166157744391234155e+05
7.257039612324216356e-04 1.199287226350223791e+05
7.692649574879137971e-04 1.210568263126784877e+05
8.154407395185161523e-04 1.180180881286600197e+05
8.643882620598270774e-04 1.161937696343880089e+05
9.162739011886731656e-04 1.161112930829671241e+05
9.712740198471167324e-04 1.194558236408323428e+05
1.029575567312512744e-03 1.195186370332568040e+05
1.091376714651273727e-03 1.188731257324230246e+05
1.156887528316282105e-03 1.158395363847897388e+05
1.226330684177563213e-03 1.177291102298639016e+05
1.299942224413244826e-03 1.172141795917105919e+05
1.377972359833556709e-03 1.171781237368540606e+05
1.460686320364988763e-03 1.183891782775985630e+05
1.548365256585499056e-03 1.165360998808099830e+05
1.641307195375129972e-03 1.172018336973219994e+05
1.739828052930363989e-03 1.153553454256840778e+05
1.844262708585534807e-03 1.153787555112304399e+05
1.954966143091259583e-03 1.156144587865442736e+05
2.072314645219029694e-03 1.102556558917616494e+05
2.196707090793235343e-03 1.121631349981157255e+05
2.328566298498196442e-03 1.110682709379964072e+05
2.468340467068648372e-03 1.098486717897498311e+05
2.616504698748820922e-03 1.097093857874745299e+05
2.773562614198411998e-03 1.125158363881416153e+05
2.940048064334707494e-03 1.061852770026719954e+05
3.116526944929430380e-03 1.087901392566295981e+05
3.303599120128339513e-03 1.016927275370684947e+05
3.501900461431712783e-03 1.028796152894242114e+05
3.712105009066360775e-03 1.020521478193372313e+05
3.934927263095849316e-03 1.008265764111305907e+05
4.171124612056516592e-03 9.874870242201762449e+04
4.421499907374486921e-03 9.632049217828542169e+04
4.686904192314192766e-03 9.135108166297334537e+04
4.968239594734387768e-03 8.804953194968911703e+04
5.266462393484280281e-03 8.689648133398586651e+04
5.582586268862694753e-03 8.133846554474004370e+04
5.917685748188818845e-03 7.553868605243520869e+04
6.272899858196243419e-03 7.136176501670329890e+04
6.649435996665045180e-03 6.689612512339153909e+04
7.048574036451903287e-03 6.354821837081151170e+04
7.471670675868082555e-03 5.752271649680814153e+04
7.920164050192548405e-03 5.221219823715129314e+04
8.395578619995111569e-03 4.502375803240352980e+04
8.899530352885223761e-03 3.930762622397530504e+04
9.433732216299773460e-03 3.335077890806687356e+04
1.000000000000000021e-02 2.666873597231270469e+04
